Insert 1
===============================
---[1, 1, 0]
===============================
Insert 2
===============================
---[1, 2, -1]
     R----[2, 1, 0]
===============================
Insert 3
===============================
---[2, 2, 0]
     R----[3, 1, 0]
     L----[1, 1, 0]
===============================
Insert 4
===============================
---[2, 3, -1]
     R----[3, 2, -1]
          R----[4, 1, 0]
     L----[1, 1, 0]
===============================
Insert 5
===============================
---[2, 3, -1]
     R----[4, 2, 0]
          R----[5, 1, 0]
          L----[3, 1, 0]
     L----[1, 1, 0]
===============================
Insert 6
===============================
---[4, 3, 0]
     R----[5, 2, -1]
          R----[6, 1, 0]
     L----[2, 2, 0]
          R----[3, 1, 0]
          L----[1, 1, 0]
===============================
Insert 7
===============================
---[4, 3, 0]
     R----[6, 2, 0]
          R----[7, 1, 0]
          L----[5, 1, 0]
     L----[2, 2, 0]
          R----[3, 1, 0]
          L----[1, 1, 0]
===============================
Insert 8
===============================
---[4, 4, -1]
     R----[6, 3, -1]
          R----[7, 2, -1]
               R----[8, 1, 0]
          L----[5, 1, 0]
     L----[2, 2, 0]
          R----[3, 1, 0]
          L----[1, 1, 0]
===============================
Insert 9
===============================
---[4, 4, -1]
     R----[6, 3, -1]
          R----[8, 2, 0]
               R----[9, 1, 0]
               L----[7, 1, 0]
          L----[5, 1, 0]
     L----[2, 2, 0]
          R----[3, 1, 0]
          L----[1, 1, 0]
===============================
Insert 10
===============================
---[4, 4, -1]
     R----[8, 3, 0]
          R----[9, 2, -1]
               R----[10, 1, 0]
          L----[6, 2, 0]
               R----[7, 1, 0]
               L----[5, 1, 0]
     L----[2, 2, 0]
          R----[3, 1, 0]
          L----[1, 1, 0]
===============================
Insert 11
===============================
---[4, 4, -1]
     R----[8, 3, 0]
          R----[10, 2, 0]
               R----[11, 1, 0]
               L----[9, 1, 0]
          L----[6, 2, 0]
               R----[7, 1, 0]
               L----[5, 1, 0]
     L----[2, 2, 0]
          R----[3, 1, 0]
          L----[1, 1, 0]
===============================
Insert 12
===============================
---[8, 4, 0]
     R----[10, 3, -1]
          R----[11, 2, -1]
               R----[12, 1, 0]
          L----[9, 1, 0]
     L----[4, 3, 0]
          R----[6, 2, 0]
               R----[7, 1, 0]
               L----[5, 1, 0]
          L----[2, 2, 0]
               R----[3, 1, 0]
               L----[1, 1, 0]
===============================
Insert 13
===============================
---[8, 4, 0]
     R----[10, 3, -1]
          R----[12, 2, 0]
               R----[13, 1, 0]
               L----[11, 1, 0]
          L----[9, 1, 0]
     L----[4, 3, 0]
          R----[6, 2, 0]
               R----[7, 1, 0]
               L----[5, 1, 0]
          L----[2, 2, 0]
               R----[3, 1, 0]
               L----[1, 1, 0]
===============================
Insert 14
===============================
---[8, 4, 0]
     R----[12, 3, 0]
          R----[13, 2, -1]
               R----[14, 1, 0]
          L----[10, 2, 0]
               R----[11, 1, 0]
               L----[9, 1, 0]
     L----[4, 3, 0]
          R----[6, 2, 0]
               R----[7, 1, 0]
               L----[5, 1, 0]
          L----[2, 2, 0]
               R----[3, 1, 0]
               L----[1, 1, 0]
===============================
Insert 15
===============================
---[8, 4, 0]
     R----[12, 3, 0]
          R----[14, 2, 0]
               R----[15, 1, 0]
               L----[13, 1, 0]
          L----[10, 2, 0]
               R----[11, 1, 0]
               L----[9, 1, 0]
     L----[4, 3, 0]
          R----[6, 2, 0]
               R----[7, 1, 0]
               L----[5, 1, 0]
          L----[2, 2, 0]
               R----[3, 1, 0]
               L----[1, 1, 0]
===============================
Insert 16
===============================
---[8, 5, -1]
     R----[12, 4, -1]
          R----[14, 3, -1]
               R----[15, 2, -1]
                    R----[16, 1, 0]
               L----[13, 1, 0]
          L----[10, 2, 0]
               R----[11, 1, 0]
               L----[9, 1, 0]
     L----[4, 3, 0]
          R----[6, 2, 0]
               R----[7, 1, 0]
               L----[5, 1, 0]
          L----[2, 2, 0]
               R----[3, 1, 0]
               L----[1, 1, 0]
===============================
Insert 17
===============================
---[8, 5, -1]
     R----[12, 4, -1]
          R----[14, 3, -1]
               R----[16, 2, 0]
                    R----[17, 1, 0]
                    L----[15, 1, 0]
               L----[13, 1, 0]
          L----[10, 2, 0]
               R----[11, 1, 0]
               L----[9, 1, 0]
     L----[4, 3, 0]
          R----[6, 2, 0]
               R----[7, 1, 0]
               L----[5, 1, 0]
          L----[2, 2, 0]
               R----[3, 1, 0]
               L----[1, 1, 0]
===============================
Insert 18
===============================
---[8, 5, -1]
     R----[12, 4, -1]
          R----[16, 3, 0]
               R----[17, 2, -1]
                    R----[18, 1, 0]
               L----[14, 2, 0]
                    R----[15, 1, 0]
                    L----[13, 1, 0]
          L----[10, 2, 0]
               R----[11, 1, 0]
               L----[9, 1, 0]
     L----[4, 3, 0]
          R----[6, 2, 0]
               R----[7, 1, 0]
               L----[5, 1, 0]
          L----[2, 2, 0]
               R----[3, 1, 0]
               L----[1, 1, 0]
===============================
Insert 19
===============================
---[8, 5, -1]
     R----[12, 4, -1]
          R----[16, 3, 0]
               R----[18, 2, 0]
                    R----[19, 1, 0]
                    L----[17, 1, 0]
               L----[14, 2, 0]
                    R----[15, 1, 0]
                    L----[13, 1, 0]
          L----[10, 2, 0]
               R----[11, 1, 0]
               L----[9, 1, 0]
     L----[4, 3, 0]
          R----[6, 2, 0]
               R----[7, 1, 0]
               L----[5, 1, 0]
          L----[2, 2, 0]
               R----[3, 1, 0]
               L----[1, 1, 0]
===============================

DELETION

Remove 19
===============================
---[8, 5, -1]
     R----[12, 4, -1]
          R----[16, 3, 0]
               R----[18, 2, 1]
                    L----[17, 1, 0]
               L----[14, 2, 0]
                    R----[15, 1, 0]
                    L----[13, 1, 0]
          L----[10, 2, 0]
               R----[11, 1, 0]
               L----[9, 1, 0]
     L----[4, 3, 0]
          R----[6, 2, 0]
               R----[7, 1, 0]
               L----[5, 1, 0]
          L----[2, 2, 0]
               R----[3, 1, 0]
               L----[1, 1, 0]
===============================
Remove 18
===============================
---[8, 5, -1]
     R----[12, 4, -1]
          R----[16, 3, 1]
               R----[17, 1, 0]
               L----[14, 2, 0]
                    R----[15, 1, 0]
                    L----[13, 1, 0]
          L----[10, 2, 0]
               R----[11, 1, 0]
               L----[9, 1, 0]
     L----[4, 3, 0]
          R----[6, 2, 0]
               R----[7, 1, 0]
               L----[5, 1, 0]
          L----[2, 2, 0]
               R----[3, 1, 0]
               L----[1, 1, 0]
===============================
Remove 17
===============================
---[8, 5, -1]
     R----[12, 4, -1]
          R----[14, 3, -1]
               R----[16, 2, 1]
                    L----[15, 1, 0]
               L----[13, 1, 0]
          L----[10, 2, 0]
               R----[11, 1, 0]
               L----[9, 1, 0]
     L----[4, 3, 0]
          R----[6, 2, 0]
               R----[7, 1, 0]
               L----[5, 1, 0]
          L----[2, 2, 0]
               R----[3, 1, 0]
               L----[1, 1, 0]
===============================
Remove 16
===============================
---[8, 4, 0]
     R----[12, 3, 0]
          R----[14, 2, 0]
               R----[15, 1, 0]
               L----[13, 1, 0]
          L----[10, 2, 0]
               R----[11, 1, 0]
               L----[9, 1, 0]
     L----[4, 3, 0]
          R----[6, 2, 0]
               R----[7, 1, 0]
               L----[5, 1, 0]
          L----[2, 2, 0]
               R----[3, 1, 0]
               L----[1, 1, 0]
===============================
Remove 15
===============================
---[8, 4, 0]
     R----[12, 3, 0]
          R----[14, 2, 1]
               L----[13, 1, 0]
          L----[10, 2, 0]
               R----[11, 1, 0]
               L----[9, 1, 0]
     L----[4, 3, 0]
          R----[6, 2, 0]
               R----[7, 1, 0]
               L----[5, 1, 0]
          L----[2, 2, 0]
               R----[3, 1, 0]
               L----[1, 1, 0]
===============================
Remove 14
===============================
---[8, 4, 0]
     R----[12, 3, 1]
          R----[13, 1, 0]
          L----[10, 2, 0]
               R----[11, 1, 0]
               L----[9, 1, 0]
     L----[4, 3, 0]
          R----[6, 2, 0]
               R----[7, 1, 0]
               L----[5, 1, 0]
          L----[2, 2, 0]
               R----[3, 1, 0]
               L----[1, 1, 0]
===============================
Remove 13
===============================
---[8, 4, 0]
     R----[10, 3, -1]
          R----[12, 2, 1]
               L----[11, 1, 0]
          L----[9, 1, 0]
     L----[4, 3, 0]
          R----[6, 2, 0]
               R----[7, 1, 0]
               L----[5, 1, 0]
          L----[2, 2, 0]
               R----[3, 1, 0]
               L----[1, 1, 0]
===============================
Remove 12
===============================
---[8, 4, 1]
     R----[10, 2, 0]
          R----[11, 1, 0]
          L----[9, 1, 0]
     L----[4, 3, 0]
          R----[6, 2, 0]
               R----[7, 1, 0]
               L----[5, 1, 0]
          L----[2, 2, 0]
               R----[3, 1, 0]
               L----[1, 1, 0]
===============================
Remove 11
===============================
---[8, 4, 1]
     R----[10, 2, 1]
          L----[9, 1, 0]
     L----[4, 3, 0]
          R----[6, 2, 0]
               R----[7, 1, 0]
               L----[5, 1, 0]
          L----[2, 2, 0]
               R----[3, 1, 0]
               L----[1, 1, 0]
===============================
Remove 10
===============================
---[4, 4, -1]
     R----[8, 3, 1]
          R----[9, 1, 0]
          L----[6, 2, 0]
               R----[7, 1, 0]
               L----[5, 1, 0]
     L----[2, 2, 0]
          R----[3, 1, 0]
          L----[1, 1, 0]
===============================
Remove 9
===============================
---[4, 4, -1]
     R----[6, 3, -1]
          R----[8, 2, 1]
               L----[7, 1, 0]
          L----[5, 1, 0]
     L----[2, 2, 0]
          R----[3, 1, 0]
          L----[1, 1, 0]
===============================
Remove 8
===============================
---[4, 3, 0]
     R----[6, 2, 0]
          R----[7, 1, 0]
          L----[5, 1, 0]
     L----[2, 2, 0]
          R----[3, 1, 0]
          L----[1, 1, 0]
===============================
Remove 7
===============================
---[4, 3, 0]
     R----[6, 2, 1]
          L----[5, 1, 0]
     L----[2, 2, 0]
          R----[3, 1, 0]
          L----[1, 1, 0]
===============================
Remove 6
===============================
---[4, 3, 1]
     R----[5, 1, 0]
     L----[2, 2, 0]
          R----[3, 1, 0]
          L----[1, 1, 0]
===============================
Remove 5
===============================
---[2, 3, -1]
     R----[4, 2, 1]
          L----[3, 1, 0]
     L----[1, 1, 0]
===============================
Remove 4
===============================
---[2, 2, 0]
     R----[3, 1, 0]
     L----[1, 1, 0]
===============================
Remove 3
===============================
---[2, 2, 1]
     L----[1, 1, 0]
===============================
Remove 2
===============================
---[1, 1, 0]
===============================
Remove 1
===============================
===============================
